5 0.4633078526754691 0.0646875 0.9146629603891592 0.10912202380952381
4 0.4911257817929118 0.1496279761904762 0.9749339819318972 0.06571428571428571
0 0.07848505906879777 0.23395089285714285 0.1473384294649062 0.02602678571428571
1 0.09876997915218902 0.6144047619047619 0.19254343293954135 0.717485119047619
1 0.2974774148714385 0.7722693452380953 0.19153578874218208 0.16863095238095238
1 0.2963238359972203 0.9192187500000001 0.19153578874218208 0.10042410714285714
1 0.49329395413481586 0.8305505952380953 0.1916886726893676 0.2851934523809524
1 0.6891035441278666 0.8286904761904762 0.19183460736622657 0.2864360119047619
1 0.885496872828353 0.4831994047619047 0.1977831827658096 0.5468452380952381
3 0.4927866574009729 0.4286383928571429 0.5821542738012508 0.42780505952380954
2 0.4922098679638638 0.6605357142857142 0.580993745656706 0.03345982142857143