5 0.10606060606060606 0.0863013698630137 0.19640852974186307 0.09863013698630137
4 0.13804713804713806 0.1910958904109589 0.26038159371492703 0.06986301369863014
4 0.45454545454545453 0.23424657534246576 0.2244668911335578 0.10136986301369863
4 0.803030303030303 0.21986301369863015 0.2570145903479237 0.06986301369863014
4 0.8080808080808081 0.5712328767123288 0.26936026936026936 0.08493150684931507
1 0.16666666666666666 0.3458904109589041 0.31986531986531985 0.236986301369863
1 0.5028058361391695 0.09657534246575343 0.31425364758698093 0.1547945205479452
1 0.5016835016835017 0.38082191780821917 0.3164983164983165 0.18356164383561643
1 0.8294051627384961 0.09931506849315068 0.32098765432098764 0.1547945205479452
1 0.8316498316498316 0.3917808219178082 0.32098765432098764 0.26575342465753427
1 0.8310886644219978 0.7945205479452054 0.31986531986531985 0.3561643835616438