3 0.49944483485593816 0.28098529411764706 0.5953197470133521 0.31827941176470587
2 0.49944483485593816 0.4501029411764706 0.5892972593113142 0.019955882352941177
5 0.4567814476458187 0.05514705882352941 0.9035207308503163 0.070375
4 0.09838369641602249 0.22583823529411765 0.1867252283907238 0.195375
0 0.08031623330990864 0.34138970588235296 0.14657062543921293 0.02100735294117647
1 0.10089248067463105 0.6767867647058823 0.19375263527758255 0.632985294117647
1 0.2911384399156711 0.5410735294117647 0.1746802529866479 0.1439044117647059
1 0.30067463106113845 0.8057794117647058 0.19174982431482784 0.3728970588235294
1 0.4989458889669712 0.7301470588235294 0.19275474349964863 0.5262573529411765
1 0.696718200983837 0.729625 0.19275474349964863 0.5273088235294118
1 0.9015179198875615 0.5128161764705882 0.19475755446240336 0.788235294117647