5 0.3862018220042046 0.07819287576020852 0.7661737911702873 0.12163336229365769
4 0.4558934828311142 0.17569070373588183 0.9086685353889279 0.06757602085143354
0 0.08214435879467415 0.24423110338835796 0.15650315346881571 0.030894874022589055
3 0.49521373510861944 0.41992180712423977 0.5870918009810792 0.3996524761077324
2 0.6898668535388928 0.5849956559513467 0.18375613174491942 0.06950477845351868
1 0.10083391730903993 0.6336490008688098 0.1938822704975473 0.7286446568201563
1 0.29627189908899787 0.7117463075586447 0.18609670637701473 0.16507384882710685
1 0.2993833216538192 0.9019200695047783 0.19231955150665733 0.18824500434404864
1 0.4971548703573932 0.8106950477845352 0.1938822704975473 0.3649000868809731
1 0.6976594253679047 0.8102172024326671 0.1946601261387526 0.3697306689834926
1 0.8962859145059565 0.6056559513466551 0.19792571829011912 0.7769070373588185