5 0.41576354679802957 0.08685800604229607 0.8098522167487685 0.16163141993957703
4 0.10394088669950739 0.45317220543806647 0.19014778325123152 0.4743202416918429
0 0.09113300492610837 0.7250755287009063 0.15862068965517243 0.03323262839879154
1 0.10738916256157635 0.870845921450151 0.19507389162561575 0.2311178247734139
1 0.3078817733990148 0.9463746223564955 0.19408866995073892 0.0770392749244713
1 0.5024630541871922 0.7711480362537765 0.19310344827586207 0.43051359516616317
1 0.7004926108374384 0.5944108761329305 0.19507389162561575 0.7779456193353474
1 0.8990147783251231 0.5936555891238671 0.19408866995073892 0.7824773413897281
3 0.40344827586206894 0.3632930513595166 0.3891625615763547 0.30966767371601206
3 0.3059113300492611 0.7220543806646526 0.19014778325123152 0.2990936555891239
2 0.3645320197044335 0.5317220543806647 0.30738916256157633 0.03323262839879154