5 0.351864406779661 0.048973684210526315 0.6986511299435028 0.06468421052631579
4 0.09331214689265536 0.19096710526315788 0.18153954802259886 0.17542105263157895
0 0.0709322033898305 0.2951315789473684 0.13677966101694916 0.02191447368421053
1 0.09920197740112995 0.6492894736842105 0.19331920903954802 0.675407894736842
1 0.2987782485875706 0.6361381578947368 0.19464689265536725 0.18199342105263158
1 0.2987782485875706 0.8658421052631579 0.19464689265536725 0.2400986842105263
1 0.49777542372881356 0.7633223684210526 0.1924505649717514 0.4429473684210526
1 0.6985310734463277 0.7638684210526315 0.19377824858757062 0.444046052631579
1 0.8998870056497176 0.5423815789473684 0.19864406779661015 0.8892236842105262
3 0.4972598870056497 0.2890986842105263 0.5963206214689265 0.3826513157894737
2 0.49490819209039544 0.5094868421052632 0.5916101694915255 0.04931578947368421