5 0.24416953824948312 0.06033108108108109 0.47454858718125437 0.08590540540540541
3 0.09894555478980013 0.3503851351351352 0.18804962095106822 0.1293445945945946
3 0.5006409372846312 0.3368716216216216 0.1762301860785665 0.13513513513513514
3 0.4981805651274983 0.7688243243243242 0.17525155065472087 0.1341689189189189
3 0.4455065472088215 0.4464256756756757 0.06202618883528601 0.08590540540540541
3 0.04676774638180565 0.4589797297297297 0.06596140592694692 0.08397972972972974
3 0.4504272915230876 0.8822364864864866 0.07187456926257754 0.09073648648648648
2 0.09008270158511372 0.24662162162162163 0.15851137146795313 0.06853378378378379
2 0.12700895933838732 0.4589797297297297 0.09451412818745691 0.08977027027027028
2 0.4834114403859407 0.23938513513513515 0.12405237767057202 0.04826351351351352
2 0.519841488628532 0.4464256756756757 0.0866368022053756 0.08783783783783784
2 0.5306685044796692 0.8803108108108108 0.08270158511371468 0.08880405405405406
2 0.48587181254307377 0.6718175675675675 0.13882150241212957 0.05212162162162162
4 0.28059269469331494 0.1515472972972973 0.5454376292212267 0.05019594594594595
4 0.7856650585802895 0.08735810810810811 0.36427980702963475 0.16312837837837837
1 0.09944176430048242 0.7591689189189189 0.19297036526533426 0.4720067567567568
1 0.2948725017229497 0.5778986486486486 0.19001378359751894 0.746527027027027
1 0.49719503790489317 0.5666013513513514 0.17525155065472087 0.10810810810810811
1 0.6847484493452791 0.4116824324324324 0.19198483804272914 0.4140945945945946
1 0.8826395589248794 0.4102297297297297 0.19001378359751894 0.41312837837837835
1 0.49768435561681595 0.9691148648648649 0.17426602343211578 0.05019594594594595
1 0.6862232942798071 0.8137094594594594 0.18509303928325294 0.3590743243243243
1 0.8831357684355617 0.813222972972973 0.19494141971054446 0.3581081081081081