5 0.49014778325123154 0.07540983606557378 0.9605911330049262 0.10360655737704919
4 0.10394088669950739 0.2819672131147541 0.1921182266009852 0.22295081967213115
0 0.06600985221674877 0.4367213114754098 0.11625615763546798 0.031475409836065574
3 0.496551724137931 0.38098360655737706 0.5812807881773399 0.4419672131147541
2 0.49261083743842365 0.620327868852459 0.5753694581280788 0.0419672131147541
1 0.3 0.7245901639344262 0.18817733990147784 0.13245901639344262
1 0.10197044334975369 0.7245901639344262 0.1960591133004926 0.5285245901639344
1 0.3 0.9036065573770492 0.19014778325123152 0.16262295081967212
1 0.4970443349753695 0.8236065573770491 0.19408866995073892 0.33049180327868855
1 0.6950738916256157 0.8229508196721311 0.1921182266009852 0.3344262295081967
1 0.8935960591133005 0.5737704918032787 0.19507389162561575 0.8327868852459016