5 0.2484375 0.0609375 0.4640625 0.084375
3 0.10625 0.35 0.1828125 0.128125
3 0.5 0.3375 0.171875 0.134375
3 0.4984375 0.76875 0.1703125 0.1328125
3 0.446875 0.446875 0.059375 0.084375
3 0.0546875 0.459375 0.0640625 0.0828125
3 0.4515625 0.8828125 0.0703125 0.090625
2 0.0984375 0.246875 0.1546875 0.0671875
2 0.134375 0.459375 0.0921875 0.0890625
2 0.4828125 0.2390625 0.1203125 0.046875
2 0.51875 0.446875 0.084375 0.0875
2 0.5296875 0.8796875 0.0796875 0.0875
2 0.4859375 0.671875 0.1359375 0.0515625
4 0.284375 0.1515625 0.534375 0.05
4 0.7796875 0.0875 0.35625 0.1625
1 0.10625 0.759375 0.1890625 0.471875
1 0.2984375 0.578125 0.1859375 0.7453125
1 0.496875 0.5671875 0.1703125 0.1078125
1 0.68125 0.4109375 0.1875 0.4140625
1 0.875 0.4109375 0.1859375 0.4125
1 0.496875 0.96875 0.1703125 0.05
1 0.6828125 0.8140625 0.18125 0.3578125
1 0.875 0.8125 0.190625 0.3578125